0	3	3	1	3	1	
1	3	3	1	3	1	
2	3	3	1	3	1	
3	3	3	1	3	1	
4	3	3	1	3	1	
5	3	3	1	3	1	
6	3	3	1	3	1	
7	3	3	1	3	1	
8	3	3	1	3	1	
9	3	3	1	3	1	
10	3	3	1	3	1	
11	3	3	1	3	1	
12	3	3	1	3	1	
13	3	3	1	3	1	
14	3	3	1	3	1	
15	3	3	1	3	1	
16	3	3	1	3	1	
17	3	3	1	3	1	
18	3	3	1	3	1	
19	3	3	1	3	1	
20	3	3	1	3	1	
21	3	3	1	3	1	
22	3	3	1	3	1	
23	3	3	1	3	1	
24	3	3	1	3	1	
25	3	3	1	3	1	
26	3	3	1	3	1	
27	3	3	1	3	1	
28	3	3	1	3	1	
29	3	3	1	3	1	
30	2	3	1	3	1	
31	2	3	1	3	1	
32	2	3	1	3	1	
33	2	3	1	3	1	
34	2	3	1	3	1	
35	2	3	1	3	1	
36	2	3	1	3	1	
37	2	3	1	3	1	
38	2	3	1	3	1	
39	2	3	1	3	1	
40	2	3	1	3	1	
41	2	3	1	3	1	
42	2	3	1	3	1	
43	2	3	1	3	1	
44	2	3	1	3	1	
45	2	3	1	3	1	
46	2	3	1	3	1	
47	2	3	1	3	1	
48	2	3	1	3	1	
49	2	3	1	3	1	
50	2	3	1	3	1	
51	2	3	1	3	1	
52	2	3	1	3	1	
53	2	3	1	3	1	
54	4	3	1	3	1	
55	4	3	1	3	1	
56	4	3	1	3	1	
57	1	3	1	3	1	
58	1	2	1	3	1	
59	1	2	1	3	1	
60	1	2	1	3	1	
61	1	2	1	3	1	
62	1	2	1	3	1	
63	1	2	1	3	1	
64	1	2	1	3	1	
65	1	2	1	3	1	
66	1	2	1	3	1	
67	1	2	1	3	1	
68	1	2	1	3	1	
69	1	2	1	3	1	
70	1	2	1	3	1	
71	1	2	1	3	1	
72	1	2	1	3	1	
73	1	2	1	3	1	
74	1	2	1	3	1	
75	1	2	1	3	1	
76	1	2	1	3	1	
77	1	2	1	3	1	
78	1	2	1	3	1	
79	1	2	1	3	1	
80	1	2	1	3	1	
81	1	2	1	3	1	
82	1	1	1	3	1	
83	1	1	1	3	1	
84	1	1	1	3	1	
85	1	1	1	3	1	
86	1	1	1	3	1	
87	1	1	1	3	1	
88	1	1	1	3	1	
89	1	1	1	3	1	
90	1	1	1	3	1	
91	1	1	1	3	1	
92	1	1	1	3	1	
93	1	1	1	3	1	
94	1	1	1	3	1	
95	3	1	1	3	1	
96	3	1	1	3	1	
97	3	1	1	3	1	
98	3	1	1	2	1	
99	3	1	1	2	1	
100	3	1	1	2	1	
101	3	1	1	2	1	
102	3	1	2	2	1	
103	3	1	2	2	1	
104	3	1	2	2	1	
105	3	1	2	2	1	
106	3	2	2	2	1	
107	3	2	2	2	1	
108	3	2	2	2	1	
109	3	2	2	2	1	
110	3	2	2	2	1	
111	3	2	2	2	1	
112	3	2	2	2	1	
113	3	2	2	2	1	
114	3	2	2	2	1	
115	3	2	2	2	1	
116	3	2	2	2	1	
117	3	2	2	2	1	
118	3	1	2	2	1	
119	3	1	2	2	1	
120	3	1	2	2	1	
121	3	1	2	2	1	
122	3	1	2	1	1	
123	3	1	2	1	1	
124	3	1	2	1	1	
125	3	1	2	1	1	
126	3	1	1	1	1	
127	3	1	1	1	1	
128	3	1	1	1	1	
129	3	1	1	1	1	
130	3	2	1	1	1	
131	3	2	1	1	1	
132	3	2	1	1	1	
133	3	2	1	1	1	
134	3	2	1	2	1	
135	3	2	1	2	1	
136	3	2	1	2	1	
137	3	2	1	2	1	
138	3	2	1	2	1	
139	3	2	1	2	1	
140	3	2	1	2	1	
141	3	2	1	2	1	
142	3	3	1	2	2	
143	3	3	1	2	2	
144	3	3	1	2	2	
145	3	3	1	2	2	
146	3	3	1	3	2	
147	3	3	1	3	2	
148	3	3	1	3	2	
149	3	3	1	3	2	
150	3	3	1	3	2	
151	3	3	2	3	2	
152	3	3	2	3	2	
153	0	3	2	3	2	
154	0	3	2	3	2	
155	0	3	2	3	2	
156	0	3	2	3	2	
157	0	3	2	3	2	
158	0	3	2	2	2	
159	0	3	2	2	2	
160	0	1	0	0	0	
161	0	1	0	0	0	
162	2	1	0	0	0	
163	2	1	0	3	0	
164	2	1	0	3	0	
165	2	1	0	3	0	
166	2	1	0	3	0	
167	2	1	0	3	0	
168	2	1	0	3	0	
169	2	1	0	3	0	
170	2	1	0	3	0	
171	4	1	0	3	0	
172	4	1	0	3	0	
173	1	1	0	3	0	
174	1	1	0	3	0	
175	1	1	0	3	0	
176	1	1	0	3	0	
177	1	1	0	3	0	
178	1	1	0	3	0	
179	1	1	0	3	0	
180	1	1	0	3	0	
181	1	1	0	3	0	
182	1	1	0	3	0	
183	1	1	0	3	0	
184	1	1	0	3	0	
185	1	1	0	3	0	
186	1	1	0	3	0	
187	1	1	0	3	0	
188	1	1	0	3	0	
189	1	1	0	3	0	
190	1	1	0	3	0	
191	1	1	0	3	0	
192	1	1	0	3	0	
193	0	1	0	3	0	
194	0	1	0	3	0	
195	0	0	0	3	0	
196	0	0	0	3	0	
197	0	0	0	3	0	
198	0	0	0	3	0	
199	0	0	0	3	0	
200	0	0	0	3	0	
201	0	0	0	3	0	
202	0	0	0	3	0	
203	0	0	0	3	0	
204	0	0	0	3	0	
205	0	0	0	3	0	
206	0	0	0	3	0	
207	0	0	0	3	0	
208	0	0	0	3	0	
209	0	0	0	3	0	
210	0	0	0	3	0	
211	0	0	0	2	0	
212	0	0	0	2	0	
213	0	0	0	2	0	
214	0	0	0	2	0	
215	0	0	0	2	0	
216	0	0	0	2	0	
217	3	0	0	2	0	
218	3	0	0	2	0	
219	3	1	0	2	0	
220	3	1	0	2	0	
221	3	1	0	2	0	
222	3	1	0	2	0	
223	3	1	0	2	0	
224	3	1	0	2	0	
225	3	1	0	2	0	
226	3	1	0	2	0	
227	3	1	0	2	0	
228	3	1	0	2	0	
229	3	1	0	2	0	
230	3	1	0	2	0	
231	3	1	0	2	0	
232	3	1	0	2	0	
233	3	1	0	2	0	
234	3	1	0	2	0	
235	3	1	0	3	0	
236	3	1	0	3	0	
237	4	1	0	3	0	
238	4	1	0	3	0	
239	4	1	0	3	0	
240	1	1	0	3	0	
241	1	1	0	3	0	
242	1	1	0	3	0	
243	1	1	0	3	0	
244	1	1	0	3	0	
245	1	1	0	3	0	
246	1	1	0	3	0	
247	1	1	0	3	0	
248	1	1	0	3	0	
249	1	1	0	3	0	
250	1	1	0	3	0	
251	1	1	0	3	3	
252	1	1	0	3	3	
253	1	1	0	3	3	
254	1	1	0	3	3	
255	1	1	0	3	3	
256	3	1	0	3	3	
257	3	1	0	3	3	
258	3	1	0	3	3	
259	3	1	0	3	3	
260	3	1	0	3	3	
261	3	1	0	3	3	
262	3	1	0	3	3	
263	3	1	0	3	3	
264	3	1	0	3	3	
265	3	1	0	3	3	
266	3	1	0	3	3	
267	3	0	0	3	3	
268	3	0	0	3	3	
269	3	0	0	3	3	
270	3	0	0	3	3	
271	3	0	0	3	3	
272	4	0	0	3	3	
273	4	0	0	3	3	
274	4	0	0	3	3	
275	4	0	0	3	3	
276	4	0	0	3	3	
277	4	0	0	3	3	
278	4	0	0	3	3	
279	4	0	0	3	3	
280	4	0	0	3	3	
281	4	0	1	3	3	
282	4	0	1	3	3	
283	4	0	1	3	3	
284	4	0	1	3	3	
285	4	0	1	3	3	
286	4	0	1	3	3	
287	4	0	1	3	3	
288	4	0	1	3	3	
289	4	0	1	3	3	
290	4	0	1	3	3	
291	4	1	1	3	3	
292	4	1	1	3	3	
293	4	1	1	3	3	
294	4	1	1	3	3	
295	4	1	1	3	3	
296	4	1	1	3	3	
297	4	1	1	3	3	
298	4	1	1	3	3	
299	4	1	1	2	3	
300	4	1	1	2	3	
301	4	1	1	2	3	
302	4	1	1	2	3	
303	4	1	1	2	3	
304	2	1	1	2	3	
305	2	1	0	2	3	
306	2	1	0	2	3	
307	2	1	0	2	3	
308	2	1	0	2	3	
309	2	1	0	2	3	
310	2	1	0	2	3	
311	2	1	0	3	3	
312	2	1	0	3	3	
313	2	1	0	3	3	
314	2	1	0	3	3	
315	2	1	0	3	3	
316	2	1	0	3	3	
317	2	1	0	3	3	
318	2	1	0	3	3	
319	2	1	0	3	3	
320	2	1	0	3	3	
321	2	1	0	3	3	
322	0	1	0	3	3	
323	0	1	0	2	3	
324	0	1	0	2	3	
325	0	1	0	2	3	
326	0	1	0	2	3	
327	0	1	0	2	3	
328	0	1	0	2	3	
329	0	1	3	2	3	
330	0	1	3	2	3	
331	0	1	3	2	3	
332	0	1	3	2	3	
333	0	1	3	2	3	
334	0	1	3	2	3	
335	0	1	3	3	3	
336	0	1	3	3	3	
337	0	1	3	3	3	
338	0	1	3	3	3	
339	0	1	3	3	3	
340	1	1	3	3	3	
341	1	2	3	3	3	
342	1	2	3	3	3	
343	1	2	3	3	3	
344	1	2	3	3	3	
345	1	2	3	3	3	
346	1	2	3	3	3	
347	1	2	3	2	3	
348	1	2	3	2	3	
349	1	2	3	2	3	
350	1	2	3	2	3	
351	1	2	3	2	3	
352	1	2	3	2	3	
353	1	2	3	2	3	
354	1	2	3	2	3	
355	1	2	3	2	3	
356	1	2	3	2	3	
357	1	2	3	2	3	
358	1	2	3	2	3	
359	1	2	3	2	3	
360	2	2	3	2	3	
361	2	2	3	2	3	
362	2	2	3	2	3	
363	2	2	3	2	3	
364	2	2	2	2	3	
365	2	2	2	2	3	
366	2	2	2	2	3	
367	2	2	2	2	3	
368	2	2	2	2	3	
369	2	2	2	2	3	
370	2	2	2	2	3	
371	2	2	2	1	3	
372	2	2	2	1	3	
373	2	2	2	1	3	
374	2	1	2	1	3	
375	2	1	2	1	3	
376	2	1	1	1	3	
377	2	1	1	1	3	
378	2	1	1	1	3	
379	2	1	1	1	3	
380	2	1	1	1	3	
381	2	1	1	1	3	
382	2	1	1	1	3	
383	2	1	1	2	3	
384	4	1	2	2	3	
385	4	1	2	2	3	
386	1	2	2	2	3	
387	1	2	2	2	3	
388	1	2	2	2	3	
389	1	2	2	2	3	
390	1	2	2	2	3	
391	1	2	2	2	3	
392	1	2	2	2	3	
393	1	2	2	2	3	
394	1	2	2	2	3	
395	1	2	2	2	3	
396	1	2	2	2	3	
397	1	2	2	2	0	
398	1	2	2	2	0	
399	1	2	2	2	0	
400	1	2	2	2	0	
401	1	2	2	2	0	
402	1	2	2	2	0	
403	1	2	2	2	0	
404	1	2	2	2	0	
405	1	2	2	2	0	
406	1	2	2	2	0	
407	1	2	2	1	0	
408	1	2	2	1	0	
409	1	2	2	1	1	
410	1	1	2	1	1	
411	1	1	2	1	1	
412	1	1	2	1	1	
413	1	1	2	1	1	
414	1	1	2	1	1	
415	1	1	2	1	1	
416	1	1	2	1	1	
417	1	1	2	1	1	
418	1	1	2	1	1	
419	1	1	2	1	1	
420	1	1	2	1	1	
421	1	1	2	1	1	
422	1	1	2	1	1	
423	1	1	2	1	1	
424	1	1	2	1	1	
425	1	1	2	1	1	
426	1	1	2	1	1	
427	1	1	2	1	1	
428	1	1	2	1	1	
429	1	1	2	1	2	
430	1	1	2	1	2	
431	1	1	2	1	2	
432	1	1	2	1	2	
433	1	1	2	1	2	
434	1	1	2	1	2	
435	1	1	2	1	2	
436	1	1	3	1	2	
437	1	1	3	1	2	
438	1	1	3	1	2	
439	1	1	3	1	2	
440	1	1	3	1	2	
441	1	1	3	1	2	
442	1	1	3	1	2	
443	1	1	3	1	2	
444	1	1	3	1	2	
445	1	1	3	1	2	
446	1	1	3	1	2	
447	1	1	3	1	2	
448	1	1	3	1	2	
449	1	1	3	1	2	
450	1	1	3	1	2	
451	1	1	3	1	2	
452	1	1	3	1	2	
453	1	1	3	1	2	
454	1	1	3	1	2	
455	1	1	3	1	2	
456	1	1	3	1	2	
457	1	1	3	1	1	
458	1	1	3	1	1	
459	1	1	3	1	1	
460	1	1	3	1	1	
461	1	1	2	1	1	
462	1	1	2	1	1	
463	1	1	2	1	1	
464	1	1	2	1	1	
465	1	1	2	1	1	
466	0	1	2	1	1	
467	0	1	2	1	1	
468	0	1	2	1	1	
469	0	1	2	1	1	
470	0	1	2	1	1	
471	0	1	2	1	1	
472	0	1	2	1	1	
473	0	3	0	3	3	
474	0	3	0	3	3	
475	0	3	0	3	3	
476	0	3	0	3	3	
477	0	3	0	3	3	
478	0	0	0	3	3	
479	0	0	0	3	3	
480	0	0	0	3	3	
481	0	0	0	3	3	
482	0	0	0	3	3	
483	0	0	0	3	3	
484	0	0	0	0	3	
485	0	0	0	0	3	
486	0	0	0	0	3	
487	0	0	0	0	3	
488	0	0	0	0	3	
489	0	0	0	0	3	
490	3	0	0	0	3	
491	3	0	0	0	3	
492	3	0	0	0	3	
493	3	0	0	0	3	
494	3	0	0	0	3	
495	3	0	0	0	3	
496	3	0	0	0	3	
497	3	0	0	0	3	
498	3	0	0	0	3	
499	3	0	0	0	3	
500	3	0	0	0	3	
501	3	0	0	0	3	
502	3	0	0	0	3	
503	3	0	0	0	3	
504	3	0	0	0	0	
505	3	0	0	0	0	
506	3	0	0	0	0	
507	3	0	0	0	0	
508	3	0	0	0	0	
509	3	0	0	0	0	
510	2	0	0	0	0	
511	2	0	0	0	0	
512	2	0	0	0	0	
513	2	0	0	0	0	
514	2	3	0	0	0	
515	2	3	0	0	0	
516	2	3	0	3	0	
517	2	3	0	3	0	
518	2	3	0	3	0	
519	2	3	0	3	0	
520	2	3	0	3	0	
521	2	3	0	3	0	
522	2	3	0	3	0	
523	2	3	0	3	0	
524	2	3	0	3	0	
525	2	3	0	3	0	
526	2	3	0	3	0	
527	2	3	0	3	0	
528	2	3	0	3	0	
529	2	3	0	3	0	
530	2	3	0	3	0	
531	2	3	0	3	0	
532	2	3	0	3	0	
533	2	3	0	3	0	
534	4	3	0	3	0	
535	4	3	0	3	0	
536	4	3	0	3	0	
537	4	3	0	3	0	
538	4	3	0	3	0	
539	4	3	0	3	0	
540	4	3	0	3	0	
541	4	3	0	3	0	
542	4	3	0	3	0	
543	4	3	0	3	0	
544	4	3	0	3	0	
545	4	3	0	3	0	
546	4	3	0	3	0	
547	4	3	0	3	0	
548	4	3	0	3	0	
549	4	3	0	3	0	
550	4	3	0	3	0	
551	4	3	0	3	0	
552	4	3	0	3	0	
553	4	3	0	3	0	
554	4	3	0	3	0	
555	4	3	0	3	0	
556	4	3	0	3	0	
557	4	3	0	3	0	
558	4	3	0	3	0	
559	4	3	0	3	0	
560	4	3	0	3	3	
561	4	3	0	3	3	
562	4	3	0	3	3	
563	4	3	0	3	3	
564	4	3	0	3	3	
565	4	3	0	3	3	
566	4	3	0	3	3	
567	4	3	0	3	3	
568	4	3	0	3	3	
569	4	3	0	3	3	
570	4	3	0	3	3	
571	4	2	0	3	3	
572	4	2	0	3	3	
573	4	2	0	2	3	
574	4	2	0	2	3	
575	4	2	0	2	3	
576	4	2	0	2	3	
577	4	2	0	2	3	
578	4	2	0	2	3	
579	4	2	0	2	3	
580	4	2	0	2	3	
581	4	2	0	2	3	
582	4	2	0	2	3	
583	4	2	0	2	3	
584	4	2	0	2	3	
585	4	2	0	2	3	
586	4	2	0	2	3	
587	4	2	0	2	3	
588	4	2	0	2	3	
589	4	2	0	2	3	
590	4	2	0	2	3	
591	4	2	0	2	3	
592	4	2	0	2	3	
593	4	2	0	2	3	
594	4	2	0	2	3	
595	4	1	0	2	3	
596	4	1	0	2	3	
597	4	1	0	1	3	
598	4	1	0	1	3	
599	4	1	0	1	3	
600	4	1	1	1	2	
601	4	1	1	1	2	
602	4	1	1	1	2	
603	4	1	1	1	2	
604	4	1	1	1	2	
605	4	1	1	1	2	
606	4	1	1	1	2	
607	4	1	1	1	2	
608	4	1	1	1	2	
609	4	1	1	1	2	
610	4	1	1	1	2	
611	4	1	1	1	2	
612	4	1	1	1	2	
613	4	1	1	1	2	
614	4	1	1	1	2	
615	3	1	1	1	2	
616	3	1	0	1	2	
617	3	1	0	1	2	
618	3	1	0	1	2	
619	3	2	0	1	2	
620	3	2	0	1	2	
621	3	2	0	2	2	
622	3	2	0	2	2	
623	3	2	0	2	2	
624	3	2	0	2	1	
625	3	2	0	2	1	
626	3	2	0	2	1	
627	3	2	0	2	1	
628	3	2	0	2	1	
629	3	2	0	2	1	
630	3	2	0	2	1	
631	3	1	0	2	1	
632	3	1	0	2	1	
633	3	1	0	1	1	
634	3	1	0	1	1	
635	3	1	0	1	1	
636	3	1	0	1	1	
637	3	1	0	1	1	
638	3	1	0	1	1	
639	3	1	0	1	1	
640	3	1	3	1	1	
641	3	1	3	1	1	
642	3	1	3	1	1	
643	3	2	3	1	1	
644	3	2	3	1	1	
645	3	2	3	2	1	
646	3	2	3	2	1	
647	3	2	3	2	1	
648	3	2	3	2	1	
649	3	2	3	2	1	
650	3	2	3	2	1	
651	3	2	3	2	1	
652	3	2	3	2	1	
653	3	2	3	2	1	
654	3	2	3	2	1	
655	3	3	3	2	1	
656	3	3	3	2	1	
657	3	3	3	3	1	
658	3	3	3	3	1	
659	3	3	3	3	1	
660	3	3	3	3	1	
661	3	3	3	3	1	
662	3	3	3	3	1	
663	3	3	3	3	1	
664	3	3	3	3	1	
665	3	3	3	3	1	
666	3	3	3	3	1	
667	3	3	3	3	1	
668	3	3	3	3	1	
669	3	3	3	3	1	
670	3	3	3	3	1	
671	3	3	3	3	1	
672	3	3	3	3	1	
673	3	3	3	3	1	
674	3	3	3	3	1	
675	3	3	3	3	1	
676	3	3	2	3	1	
677	3	3	2	3	1	
678	3	3	2	3	1	
679	3	2	2	3	1	
680	3	2	2	3	1	
681	3	2	2	2	1	
682	3	2	2	2	1	
683	1	2	2	2	1	
684	1	2	2	2	1	
685	1	2	2	2	1	
686	1	2	2	2	1	
687	1	2	2	2	1	
688	1	2	1	2	1	
689	1	2	1	2	1	
690	1	2	1	2	1	
691	1	3	1	2	1	
692	1	3	1	2	1	
693	1	3	1	3	1	
694	1	3	1	3	1	
695	1	3	1	3	1	
696	3	3	1	3	1	
697	3	3	1	3	1	
698	3	3	1	3	1	
699	3	3	1	3	1	
700	3	3	2	3	1	
701	3	3	2	3	1	
702	3	3	2	3	1	
703	3	2	2	3	1	
704	3	2	2	3	1	
705	3	2	2	2	1	
706	3	2	2	2	1	
707	3	2	2	2	1	
708	3	2	2	2	1	
709	3	2	2	2	1	
710	3	2	2	2	1	
711	3	2	2	2	1	
712	3	2	2	2	1	
713	3	2	2	2	1	
714	3	2	2	2	1	
715	3	3	2	2	1	
716	3	3	1	2	1	
717	3	3	1	3	1	
718	3	3	1	3	1	
719	3	3	1	3	1	
720	3	3	1	3	1	
721	4	3	1	3	1	
722	4	3	1	3	1	
723	4	3	1	3	1	
724	4	3	1	3	1	
725	4	3	1	3	1	
726	4	3	1	3	1	
727	0	3	1	3	1	
728	0	3	1	3	1	
729	0	3	1	3	1	
730	0	3	1	3	1	
731	0	3	1	3	1	
732	0	3	1	3	1	
733	0	3	1	3	1	
734	0	3	1	3	1	
735	0	3	1	3	1	
736	0	3	1	3	1	
737	0	3	1	3	1	
738	0	3	1	3	1	
739	0	3	1	3	1	
740	0	3	1	3	1	
741	0	3	2	3	1	
742	0	3	2	3	1	
743	0	3	2	3	1	
744	0	3	2	3	1	
745	0	3	2	3	1	
746	0	3	2	3	1	
747	0	0	2	3	1	
748	0	0	2	3	0	
749	0	0	2	0	0	
750	0	0	2	0	0	
751	1	0	2	0	0	
752	1	0	2	0	0	
753	1	0	2	0	0	
754	1	0	2	0	0	
755	1	0	2	0	0	
756	1	0	2	0	0	
757	1	0	2	0	0	
758	1	0	2	0	0	
759	0	0	2	0	0	
760	0	0	2	0	3	
761	0	0	2	0	3	
762	0	0	2	0	3	
763	0	0	2	0	3	
764	0	0	2	0	3	
765	0	0	2	0	3	
766	0	0	2	0	3	
767	0	0	2	0	3	
768	0	0	2	0	3	
769	0	0	2	0	3	
770	0	0	2	0	3	
771	1	1	2	0	3	
772	1	1	2	0	3	
773	1	1	2	1	3	
774	1	1	2	1	3	
775	1	1	2	1	3	
776	1	1	2	1	3	
777	1	1	2	1	3	
778	1	1	2	1	3	
779	1	0	2	1	3	
780	1	0	2	1	2	
781	1	0	2	0	2	
782	1	0	2	0	2	
783	1	0	2	0	2	
784	1	0	2	0	2	
785	1	0	2	0	2	
786	1	0	2	0	2	
787	1	0	2	0	2	
788	1	0	2	0	2	
789	1	0	1	0	2	
790	1	0	1	0	2	
791	1	1	1	0	2	
792	1	1	1	0	2	
793	1	1	1	1	2	
794	1	1	1	1	2	
795	1	1	1	1	2	
796	1	1	1	1	2	
797	1	1	1	1	2	
798	1	1	1	1	2	
799	1	1	1	1	2	
800	1	1	1	1	2	
801	1	1	1	1	2	
802	1	1	1	1	2	
803	1	1	1	1	2	
804	1	1	1	1	2	
805	1	1	1	1	2	
806	1	1	1	1	2	
807	0	1	1	1	2	
808	0	1	1	1	3	
809	0	1	1	1	3	
810	0	1	1	1	3	
811	0	1	1	1	3	
812	0	1	1	1	3	
813	0	1	1	1	3	
814	0	1	1	1	3	
815	0	1	1	1	3	
816	0	1	1	1	3	
817	0	1	1	1	3	
818	0	1	1	1	3	
819	3	1	1	1	3	
820	3	1	1	1	3	
821	3	1	1	1	3	
822	3	1	1	1	3	
823	3	1	1	1	3	
824	3	1	1	1	3	
825	3	1	0	1	3	
826	3	1	0	1	3	
827	3	0	0	1	3	
828	3	0	0	1	3	
829	3	0	0	0	3	
830	3	0	0	0	3	
831	0	0	0	0	3	
832	0	0	0	0	0	
833	0	0	0	0	0	
834	0	0	0	0	0	
835	0	0	0	0	0	
836	0	0	0	0	0	
837	0	0	3	0	0	
838	0	0	3	0	0	
839	0	3	3	0	0	
840	0	3	3	0	0	
841	0	3	3	3	0	
842	0	3	3	3	0	
843	3	3	3	3	0	
844	3	3	3	3	0	
845	3	3	3	3	0	
846	3	3	3	3	0	
847	3	3	3	3	0	
848	3	3	3	3	3	
849	3	3	0	3	3	
850	3	3	0	3	3	
851	3	0	0	3	3	
852	3	0	0	3	3	
853	3	0	0	0	3	
854	3	0	0	0	3	
855	4	0	0	0	3	
856	4	0	0	0	3	
857	4	0	0	0	3	
858	4	0	0	0	3	
859	4	0	0	0	3	
860	4	0	0	0	3	
861	4	0	3	0	3	
862	4	0	3	0	3	
863	4	3	3	0	3	
864	4	3	3	0	3	
865	4	3	3	3	3	
866	4	3	3	3	3	
867	4	3	3	3	3	
868	4	3	3	3	3	
869	4	3	3	3	3	
870	4	3	3	3	3	
871	3	3	1	3	1	
872	3	3	1	3	1	
873	3	3	1	3	1	
874	3	3	1	3	1	
875	3	3	1	3	1	
876	3	3	1	3	1	
877	3	3	1	3	1	
878	3	3	1	3	1	
879	3	3	1	3	1	
880	3	3	1	3	1	
881	3	3	1	3	1	
882	3	3	1	3	1	
883	3	3	1	3	1	
884	3	3	1	3	1	
885	3	3	1	3	1	
886	3	3	1	3	1	
887	3	3	1	3	1	
888	3	3	1	3	1	
889	3	3	1	3	1	
890	3	3	1	3	1	
891	3	3	1	3	1	
892	3	3	1	3	1	
893	3	3	1	3	1	
894	3	3	1	3	1	
895	3	3	1	3	1	
896	3	3	1	3	1	
897	3	3	1	3	1	
898	3	3	1	3	1	
899	3	3	1	3	1	
900	3	3	1	3	1	
901	3	3	1	3	1	
902	3	3	1	3	1	
903	3	3	1	3	1	
904	3	3	1	3	1	
905	3	3	1	3	1	
906	3	3	1	3	1	
907	3	3	1	3	1	
908	3	3	1	3	1	
909	3	3	1	3	1	
910	3	3	1	3	1	
911	3	3	1	3	1	
912	3	3	1	3	1	
913	3	3	1	3	1	
914	3	3	1	3	1	
915	3	1	1	3	1	
916	3	1	1	3	1	
917	3	1	1	3	1	
918	3	1	1	3	1	
919	3	1	1	3	1	
920	3	1	1	3	1	
921	4	3	1	3	1	
922	4	3	1	3	1	
923	4	3	1	3	1	
924	4	3	1	3	1	
925	4	3	1	3	1	
926	4	3	1	3	1	
927	4	3	1	3	1	
928	4	3	1	3	1	
929	4	3	1	3	1	
930	4	3	1	3	1	
931	4	3	1	3	1	
932	4	3	1	3	1	
933	4	3	1	3	1	
934	4	3	1	3	1	
935	4	3	1	3	1	
936	4	3	1	3	1	
937	4	3	1	3	1	
938	4	3	1	3	1	
939	4	3	1	3	1	
940	4	2	1	3	1	
941	4	2	1	3	1	
942	4	2	1	3	1	
943	4	2	1	3	1	
944	4	2	1	3	1	
945	4	2	1	3	1	
946	4	2	1	3	1	
947	4	2	1	3	1	
948	4	2	1	3	1	
949	4	2	1	3	1	
950	4	2	1	3	1	
951	4	2	1	3	1	
952	4	3	1	3	1	
953	4	3	1	3	1	
954	4	3	1	3	1	
955	4	3	1	3	1	
956	4	3	1	3	1	
957	4	3	1	3	1	
958	4	3	1	3	1	
959	4	3	1	3	1	
960	4	3	1	3	1	
961	4	3	1	3	1	
962	4	3	1	3	1	
963	4	3	1	3	1	
964	4	2	1	3	1	
965	4	2	1	3	1	
966	4	2	1	3	1	
967	4	2	1	3	1	
968	4	2	1	2	1	
969	4	2	1	2	1	
970	4	2	1	2	1	
971	4	2	1	2	1	
972	4	2	2	2	1	
973	4	2	2	2	1	
974	4	2	2	2	1	
975	4	2	2	2	1	
976	4	3	2	2	1	
977	4	3	2	2	1	
978	4	3	2	2	1	
979	4	3	2	2	1	
980	4	3	2	3	1	
981	4	3	2	3	1	
982	4	3	2	3	1	
983	4	3	2	3	1	
984	4	3	2	3	1	
985	4	3	2	3	1	
986	4	3	2	3	1	
987	4	3	2	3	1	
988	4	2	2	3	1	
989	4	2	2	3	1	
990	4	2	2	3	1	
991	4	2	2	3	1	
992	4	2	2	2	1	
993	4	2	2	2	1	
994	4	2	2	2	1	
995	4	2	2	2	1	
996	4	2	1	2	1	
997	4	2	1	2	1	
998	4	2	1	2	1	
999	4	2	1	2	1	
1000	4	2	1	2	1	
1001	4	2	1	2	1	
1002	4	2	1	2	1	
1003	4	2	1	2	1	
1004	4	2	1	3	1	
1005	4	2	1	3	1	
1006	4	2	1	3	1	
1007	4	2	1	3	1	
1008	4	2	1	3	1	
1009	4	2	1	3	1	
1010	4	2	1	3	1	
1011	4	2	1	3	1	
1012	4	3	1	3	0	
1013	4	3	1	3	0	
1014	4	3	1	3	0	
1015	4	3	1	3	0	
1016	4	3	1	2	0	
1017	4	3	1	2	0	
1018	3	3	1	3	1	
1019	3	3	1	3	1	
1020	3	3	1	3	1	
1021	3	3	1	3	1	
1022	3	3	1	3	1	
1023	3	3	1	3	1	
1024	3	3	1	3	1	
1025	3	3	1	3	1	
1026	3	3	1	3	1	
1027	3	3	1	3	1	
1028	3	3	1	3	1	
1029	3	3	1	3	1	
1030	3	3	1	3	1	
1031	3	3	1	3	1	
1032	3	3	1	3	1	
1033	3	3	1	3	1	
1034	3	3	1	3	1	
1035	3	3	1	3	1	
1036	3	3	1	3	1	
1037	3	3	1	3	1	
1038	3	3	1	3	1	
1039	3	3	1	3	1	
1040	3	3	1	3	1	
1041	3	3	1	3	1	
1042	3	3	1	3	1	
1043	3	3	1	3	1	
1044	3	3	1	3	1	
1045	3	3	1	3	1	
1046	3	3	1	3	1	
1047	3	3	1	3	1	
1048	3	3	1	3	1	
1049	3	3	1	3	1	
1050	3	3	1	3	1	
1051	3	3	1	3	1	
1052	3	3	1	3	1	
1053	3	3	1	3	1	
1054	3	3	1	3	1	
1055	3	3	1	3	1	
1056	3	3	1	3	1	
1057	3	3	1	3	1	
1058	3	3	1	3	1	
1059	3	3	1	3	1	
1060	3	3	1	3	1	
1061	3	3	1	3	1	
1062	3	3	1	3	1	
1063	3	3	1	3	1	
1064	3	3	1	3	1	
1065	3	3	1	3	1	
1066	3	3	1	3	1	
1067	3	3	1	3	1	
1068	4	3	1	3	1	
1069	4	3	1	3	1	
1070	4	3	1	3	1	
1071	4	3	1	3	1	
1072	4	3	1	3	1	
1073	4	3	1	3	1	
1074	4	3	1	3	1	
1075	4	2	1	3	1	
1076	4	2	1	3	1	
1077	4	2	1	3	1	
1078	4	2	1	3	1	
1079	4	2	1	3	1	
1080	4	2	1	3	1	
1081	4	2	1	3	1	
1082	4	2	1	3	1	
1083	4	2	1	3	1	
1084	4	2	1	3	1	
1085	4	2	1	3	1	
1086	4	2	1	3	1	
1087	4	3	1	3	1	
1088	4	3	1	3	1	
1089	4	3	1	3	1	
1090	4	3	1	3	1	
1091	4	3	1	3	1	
1092	4	3	1	3	1	
1093	4	3	1	3	1	
1094	4	3	1	3	1	
1095	4	3	1	3	1	
1096	4	3	1	3	1	
1097	4	3	1	3	1	
1098	4	3	1	3	1	
1099	4	2	1	3	1	
1100	4	2	1	3	1	
1101	4	2	1	3	1	
1102	4	2	1	3	1	
1103	4	2	1	3	1	
1104	4	2	1	3	1	
1105	4	2	1	3	1	
1106	4	2	1	3	1	
1107	4	2	1	3	1	
1108	4	2	1	3	1	
1109	4	2	1	3	1	
1110	4	2	1	3	1	
1111	4	3	1	3	1	
1112	4	3	1	3	1	
1113	4	3	1	3	1	
1114	4	3	1	3	1	
1115	4	3	1	2	1	
1116	4	3	1	2	1	
1117	4	3	1	2	1	
1118	4	3	1	2	1	
1119	4	3	2	2	1	
1120	4	3	2	2	1	
1121	4	3	2	2	1	
1122	4	3	2	2	1	
1123	4	2	2	2	1	
1124	4	2	2	2	1	
1125	4	2	2	2	1	
1126	4	2	2	2	1	
1127	4	2	2	3	1	
1128	4	2	2	3	1	
1129	4	2	2	3	1	
1130	2	2	2	3	1	
1131	2	2	2	3	1	
1132	2	2	2	3	1	
1133	2	2	2	3	1	
1134	2	2	2	3	1	
1135	2	2	2	3	1	
1136	2	2	2	3	1	
1137	2	2	2	3	1	
1138	2	2	2	3	1	
1139	2	2	2	2	1	
1140	2	2	2	2	1	
1141	2	2	2	2	1	
1142	2	2	2	2	1	
1143	2	2	1	2	1	
1144	2	2	1	2	1	
1145	2	2	1	2	1	
1146	2	2	1	2	1	
1147	2	3	1	2	1	
1148	2	3	1	2	1	
1149	2	3	1	2	1	
1150	2	3	1	2	1	
1151	2	3	1	3	1	
1152	2	3	1	3	1	
1153	2	3	1	3	1	
1154	4	3	1	3	1	
1155	4	2	1	3	1	
1156	4	2	1	3	1	
1157	4	2	1	3	1	
1158	1	2	1	3	1	
1159	1	2	1	3	2	
1160	1	2	1	3	2	
1161	1	2	1	3	2	
1162	1	2	1	3	2	
1163	1	2	1	2	2	
1164	1	2	1	2	2	
1165	1	2	1	2	2	
1166	1	2	1	2	2	
1167	1	2	1	2	2	
1168	1	2	2	2	2	
1169	1	2	2	2	2	
1170	1	2	2	2	2	
1171	1	2	2	2	2	
1172	1	2	2	2	2	
1173	1	2	2	2	2	
1174	1	2	2	2	2	
1175	1	2	2	2	2	
1176	1	2	2	2	2	
1177	1	2	2	2	2	
1178	1	2	2	2	2	
1179	1	1	2	2	2	
1180	1	1	2	2	2	
1181	1	1	2	2	2	
1182	1	1	2	2	2	
1183	1	1	2	2	2	
1184	1	1	2	2	2	
1185	1	1	2	2	2	
1186	1	1	2	2	2	
1187	1	1	2	1	2	
1188	1	1	2	1	2	
1189	1	1	2	1	2	
1190	1	1	2	1	2	
1191	1	1	2	1	2	
1192	1	1	1	1	2	
1193	1	1	1	1	2	
1194	1	1	1	1	2	
1195	1	1	1	1	2	
1196	1	1	1	1	2	
1197	1	1	1	1	2	
1198	1	1	1	1	2	
1199	1	1	1	2	2	
1200	1	1	1	2	2	
1201	1	1	1	2	2	
1202	1	1	1	2	2	
1203	1	1	1	2	2	
1204	1	1	2	2	2	
1205	1	1	2	2	2	
1206	1	1	2	2	2	
1207	1	1	2	2	3	
1208	1	1	2	2	3	
1209	1	1	2	2	3	
1210	1	1	2	2	3	
1211	1	1	2	2	3	
1212	1	1	2	2	3	
1213	1	1	2	2	3	
1214	1	1	2	2	3	
1215	1	1	2	2	3	
1216	1	1	2	2	3	
1217	1	1	2	2	3	
1218	1	1	2	2	3	
1219	1	1	2	2	3	
1220	1	1	2	2	3	
1221	1	1	2	2	3	
1222	1	1	2	2	3	
1223	1	1	2	1	3	
1224	1	1	2	1	3	
1225	1	1	2	1	3	
1226	1	1	2	1	3	
1227	1	1	2	1	3	
1228	1	1	1	1	3	
1229	1	1	1	1	3	
1230	1	1	1	1	3	
1231	1	1	1	1	3	
1232	1	1	1	1	3	
1233	1	1	1	1	3	
1234	1	1	1	1	3	
1235	1	1	1	1	3	
1236	1	1	1	1	3	
1237	1	1	1	1	3	
1238	1	1	1	1	3	
1239	1	1	1	1	3	
1240	1	1	1	1	3	
1241	1	1	1	1	3	
1242	1	1	1	1	3	
1243	1	1	1	1	3	
1244	1	1	1	1	3	
1245	1	1	1	1	3	
1246	1	1	1	1	3	
1247	1	1	1	1	3	
1248	1	1	1	1	3	
1249	1	1	1	1	3	
1250	1	1	1	1	3	
1251	1	1	1	1	3	
1252	1	1	1	1	3	
1253	1	1	1	1	3	
1254	1	1	1	1	3	
1255	1	1	1	1	3	
1256	1	1	1	1	3	
1257	1	1	1	1	3	
1258	0	1	1	1	3	
1259	0	1	1	1	3	
1260	0	1	1	1	3	
1261	0	1	1	1	3	
1262	0	1	1	1	3	
1263	0	1	1	1	3	
1264	0	1	1	1	3	
1265	0	1	1	1	3	
1266	0	1	1	1	3	
1267	0	1	1	1	3	
1268	0	1	1	1	3	
1269	0	1	1	1	3	
1270	0	1	1	1	3	
1271	0	1	1	1	3	
1272	0	1	1	1	3	
1273	0	1	1	1	3	
1274	0	1	1	1	3	
1275	0	1	1	1	3	
1276	0	1	1	1	3	
1277	0	1	1	1	3	
1278	0	1	1	1	3	
1279	0	0	1	1	3	
1280	0	0	1	1	3	
1281	0	0	1	1	3	
1282	3	0	1	1	3	
1283	3	0	1	0	3	
1284	3	0	1	0	3	
1285	3	0	1	0	3	
1286	3	0	1	0	3	
1287	3	0	1	0	3	
1288	3	0	0	0	3	
1289	3	0	0	0	3	
1290	3	0	0	0	3	
1291	3	0	0	0	3	
1292	3	0	0	0	3	
1293	3	0	0	0	3	
1294	3	0	0	0	3	
1295	3	0	0	0	3	
1296	3	0	0	0	3	
1297	3	0	0	0	3	
1298	3	0	0	0	3	
1299	3	0	0	0	2	
1300	3	0	0	0	2	
1301	3	0	0	0	2	
1302	3	0	0	0	2	
1303	3	3	0	0	2	
1304	3	3	0	0	2	
1305	3	3	0	0	2	
1306	3	3	0	0	2	
1307	3	3	0	3	2	
1308	3	3	0	3	2	
1309	3	3	0	3	2	
1310	3	3	0	3	2	
1311	3	3	0	3	2	
1312	3	3	3	3	2	
1313	3	3	3	3	2	
1314	0	3	3	3	2	
1315	0	3	3	3	2	
1316	0	3	3	3	2	
1317	0	3	3	3	2	
1318	0	3	3	3	2	
1319	0	3	3	3	2	
1320	0	3	3	3	2	
1321	0	3	3	3	2	
1322	0	3	3	3	2	
1323	0	3	3	3	1	
1324	0	3	0	3	1	
1325	0	3	0	3	1	
1326	4	3	0	3	1	
1327	4	3	0	3	1	
1328	4	3	0	3	1	
1329	4	3	0	3	1	
1330	4	3	0	3	1	
1331	4	3	0	2	1	
1332	4	3	0	2	1	
1333	4	3	0	2	1	

